list( norm_gen = structure(.Data = c( 0.05376863, 1.058335E-5, 0.1056041, 
0.02455542, 0.1097083, 1.161359E-5, 0.283616, 0.298786, 0.1651254, 0.04774151, 
0.286421, 0.2463296, 0.1920796, 0.04802056, 0.1937693, 0.7496261, 0.1941244, 
0.05538269, 0.156978, 0.8189103, 0.241479, 0.1447178, 0.4765239, 0.8238782, 
0.2311153, 0.1437749, 0.4387134, 0.8099152, 0.1682287, 0.1543371, 0.2530429, 
0.668476, 0.08550515, 0.1247485, 0.0134838, 0.585844, 0.0005656578, 
0.001195919, 1.866786E-5, 0.1483147, 5.362505E-6, 1.093613E-5, 1.929012E-5, 
5.34188E-5, 5.189521E-6, 1.058335E-5, 1.866786E-5, 5.169562E-5, 0, 0, 
0.09520609, 0, 0.008724274, 0, 0.3991724, 0.05536646, 0.2099784, 0.1017907, 
0.4351478, 0.7348015, 0.1455169, 0.1032152, 0.3014275, 0.6556624, 0.1387782, 
0.1140462, 0, 0.7446237, 0.07974045, 0.2885171, 0, 0.6220085, 0.02356043, 
0.179028, 0, 0.7660256, 0, 0.06424096, 0, 0.2746071, 0, 0.05835521, 0, 
0.2422009, 0, 0, 0, 0.007754342, 0, 0, 0, 0, 0, 0, 0, 0, 0, 0, NA, 0, 0, 0, NA, 
0, 0.01357579, 0.0646008, NA, 0.2426592, 0.162471, 0.1625109, NA, 0.6794872, 
0.1849774, 0.1807002, NA, 0.7695409, 0.1903797, 0.1937227, NA, 0.7981838, 
0.192608, 0.006709847, NA, 0.8434657, 0.1532569, 0.1586868, NA, 0.6689413, 
0.1116088, 0.1483377, NA, 0.4497863, 0.006041433, 0.00649818, NA, 0.1137304, 0, 
0.00463692, NA, 0, 0, 0, NA, 0, 0, 0, 0, 0, 0.00263095, 0.02304137, 0, 
0.04560926, 0.3708847, 0.3717509, 0.4081168, 0.5645161, 0.7657443, 0.7245844, 
0.9993827, 0.9605769, 0.65553, 0.6253916, 1, 0.9993797, 0.2368619, 0.237161, 
0.7477238, 0.9763889, 0.2170569, 0.2156464, 0.7069519, 0.9488213, 0.2260971, 
0.2288756, 0.687164, 0.9746691, 0.2212462, 0.2194663, 0.4643519, 0.9693376, 
0.1410512, 0.1445475, 0.4991039, 0.6984078, 0, 0, 0.02681327, 0.03472222, 0, 0, 
0, 0, 0, 0, 0, 0, 0, 0, 0.1368814, 0, 0.1199714, 0.1245872, 0.4006123, 
0.5104425, 0.1376984, 0.1639108, 0.5126929, 0.766453, 0.1344709, 0.169249, 
0.5720206, 0.8513234, 0.1615401, 0.1787839, 0.6042052, 0.9556624, 0.1470814, 
0.1659682, 0.5590651, 0.9278329, 0.1780629, 0.1742443, 0.536589, 0.94634, 
0.1129022, 0.1292213, 0.3611111, 0.7116453, 0, 0, 0, 0.01364764, 0, 0, 0, 0, 0, 
0, 0, 0, 0, 0, 0.01859319, 0, 0, 0.01205491, 0.0587922, 0.006013161, 
0.06146469, 0.01566336, 0.1792488, 0.2675765, 0, 0, 0.09834105, 0.1779915, 
0.1490846, 0.1542206, 0.4804361, 0.7181555, 0.2283891, 0.227909, 0.6215664, 
0.9560897, 0.2270831, 0.2345906, 0.5955048, 0.9684657, 0.232885, 0.2353103, 
0.5960275, 0.9740488, 0.1887924, 0.2080271, 0.3595679, 0.8212607, 0.02347739, 
0.01259419, 0.1155541, 0.1848635, 0, 0, 0.000462963, 0, 0, 0, 0.001418757, 0, 
0, 0, 0.07829301, 0.0942928, 0, 0.0004180893, 0.1275811, 0.04129794, 0, 0, 
0.005637694, 0.0007237386, 0.0455813, 0.03121172, 0.1368827, 0.2061966, 
0.07904679, 0.07323681, 0.2899866, 0.4270058, 0.1161733, 0.116951, 0.4734954, 
0.7120726, 0.1727176, 0.2027559, 0.516017, 0.8068652, 0.2179807, 0.2253408, 
0.5540248, 0.9590571, 0.1431682, 0.1484908, 0.2366127, 0.6584402, 0, 
0.004064008, 0.04532557, 0.1783499, 0, 0, 0.02237654, 0, 0, 0, 0.02490293, 0, 
0, 0, 0.03151135, 0, 0, 0, 0.1331121, 0, 0.03193631, 0.05795445, 0.1634185, 
0.2241522, 0.1571429, 0.1584864, 0.4175926, 0.6590812, 0.1602628, 0.1647193, 
0.3573775, 0.7056452, 0.260296, 0.2662073, 0.5933642, 1, 0.2861502, 0.2922488, 
0.536029, 1, 0.2419978, 0.253302, 0.4055406, 0.9717742, 0.1449271, 0.1523185, 
0.2162809, 0.6228632, 0.02788849, 0.03069173, 0, 0.1459884, 0.01061776, 0, 0, 
0, 0, 0, 0, 0, 0, 0, 0, 0, 0, 0, 0, 0, 0, 0.03774024, 0, 0.1417494, 0.1400365, 
0.1437445, 0.421875, 0.6396368, 0.1862831, 0.1953687, 0.5895684, 0.8713813, 
0.180384, 0.1776465, 0.6857253, 0.9439103, 0, 0, 0.6272401, 0.9377585, 
0.1822767, 0.1791762, 0.6698029, 0.9301075, 0.1475654, 0.1537839, 0.5474537, 
0.8528846, 0.0247644, 0.07188214, 0.192055, 0.3383995, 0, 0, 0, 0.03418803, 
0.1649749, 0.05765812, 0.3292637, 0, 0.2778366, 0.09438236, 0.6357527, 0, 
0.1381647, 0.07242236, 0.3560308, 0, 0.5613505, 0.1133054, 0.8017473, 0, 
0.5060811, 0.09024497, 0.8830247, 0, 0.3615332, 0.2389298, 0.9402628, 
0.9243176, 0.2444337, 0.2241689, 0.668017, 0.9779915, 0.180149, 0.1799594, 
0.7737082, 0.9614351, 0.1887221, 0.1813564, 0.6232079, 0.9450993, 0.01847919, 
0, 0.6417438, 0.9122863, 0.0496222, 0.02872322, 0.1798835, 0.4065343, 0, 0, 0, 
0, 0, 0, 0, 0, 0, 0, 0.04267473, 0.03815136, 0.2752133, 0.6530788, 0.4515323, 
0.8003177, 0.1041641, 0, 0, 0.2808106, 0.3929108, 0.4005249, 0.06658951, 
0.9603632, 0.2909765, 0.3081661, 0.858983, 0.9742556, 0.1794831, 0.1658574, 
0.6669367, 0.9057692, 0.2286711, 0.2190966, 0.8929211, 0.9569892, 0, 0, 
0.6420624, 0.9525434, 0, 0, 0.5471836, 0.9238248, 0.02447378, 0.008636017, 0, 
0.1765922, 0, 0.0006780402, 0, 0, 0, 0, 0, 0, 0, 0, 0.2779645, 0.1785567, 
0.05691279, 0.0933036, 0.352999, 0.322555, 0, 0, 0.5428614, 0.6716294, 0, 0, 
0.5393133, 0.7959402, 0.08011583, 0, 0.359655, 0.5927419, 0, 0.1640639, 
0.658642, 0.9222222, 0.1788309, 0.1674287, 0.6078629, 0.945823, 0, 0, 
0.6056601, 0.9566791, 0, 0, 0.3573688, 0.6290598, 0, 0, 0, 0.05903639, 
4.181682E-5, 0, 0, 0, 0, 0, 0, 0, 0, 0.0004445009, 0, 0.002067825, 0, 0, 0, 0, 
0, 0, 0, 0, 0, 0, 0.08591821, 0.06538462, 0.08962303, 0.05998645, 0.3577509, 
0.4570926, 0.1691549, 0.1668416, 0.6852623, 0.9444444, 0.1480051, 0.1475531, 
0.6642398, 0.9305211, 0.1417466, 0.1347261, 0.5825493, 0.896402, 0.1252789, 
0.1221347, 0.4589892, 0.7685897, 0, 0, 0.04476553, 0.1748346, 0, 0, 0, 0, 0, 0, 
0.1003211, 0.1365798, 0.04596878, 0.07480315, 0.2874104, 0.4934864, 0.3818066, 
0.4040601, 0.6939528, 0.8528477, 0.4870677, 0.4981162, 0.9261126, 1, 0.5853496, 
0.5921041, 0.9912423, 0.9994658, 0.2978993, 0.2922488, 0.9627389, 1, 0.1468039, 
0.1494969, 0.6294367, 0.8149573, 0.11747, 0.1052832, 0.5820639, 0.8602151, 
0.09637979, 0.08957751, 0.5861335, 0.80366, 0.03381596, 0.01902887, 0.225463, 
0.4972222, 0.4605596, 0.4912158, 0.3446087, 0.7306658, 0.06870442, 0, 
0.1758488, 0.04668803, 0.1220783, 0.06316146, 0.4025164, 0.4213193, 0.1646635, 
0.1688257, 0.5353943, 0.7502068, 0.0274826, 0.02482986, 0.3802032, 0.3923304, 
0.005615062, 0.004191008, 0.4014337, 0.2764682, 0, 0, 0.1501929, 0.1599359, 
0.01331631, 0, 0.2930854, 0.3373656, 0.08700129, 0.08018373, 0.5403549, 
0.7614316, 0.04232574, 0.01866904, 0.3541293, 0.5024814, 0.08045834, 
0.07308865, 0.4599761, 0.6627378, 0.06583012, 0.04680665, 0.2981481, 0.6778846, 
0, 0, 0.04831243, 0.08395368, 0.005319605, 0, 0, 0, 0.1909848, 0.1991999, 
0.3304211, 0.3971257, 0.33023, 0.3223901, 0.7834528, 0.9046733, 0.2768989, 
0.3383736, 0.8933137, 0.7818244, 0.609063, 0.5907417, 1, 0.9707403, 0.3429108, 
0.3374672, 0.9449846, 0.9838675, 0.2610433, 0.2581492, 0.7363351, 0.9795285, 0, 
0, 0.7660494, 0.9648504, 0.1449641, 0.1356574, 0.6599836, 0.9299007, 0.1576992, 
0.1596182, 0.6640158, 0.9578164, 0, 0, 0.4131173, 0.6855769, 0, 0, 0.02449223, 
0.1079404, 0, 0, 0, 0, 0.1256591, 0.1249259, 0.5015681, 0.6940653, 0, 0, 
0.2061679, 0.2299421, 0, 0, 0.04981973, 0, 0, 0, 0.3027554, 0.3104839, 
0.1837731, 0.174147, 0.7455633, 0.9310897, 0.1439158, 0.1274236, 0.624776, 
0.8502895, 0.1715787, 0, 0.7018133, 0.942094, 0.1465936, 0, 0.6279495, 
0.839847, 0.1584361, 0.1408856, 0.6524418, 0.9110835, 0.06719219, 0.05367454, 
0.205787, 0.5617521, 0, 0, 0, 0.0007237386, 0, 0, 0, 0, 0, 0, 0.08912037, 0, 
0.03222693, 0.03683007, 0.2063545, 0.3693135, 0.01530734, 0.01430795, 
0.3423058, 0.3513728, 0.101642, 0.1003302, 0.515009, 0.5835401, 0.2215036, 
0.2200787, 0.7428241, 0.9452991, 0.140553, 0.1260266, 0.6062948, 0.8944376, 
0.1644466, 0.1484471, 0.712037, 0.9442308, 0.170839, 0.1488866, 0.6791368, 
0.9233871, 0.184913, 0.1778215, 0.640681, 0.9089123, 0.1119155, 0.1028215, 
0.2957176, 0.6740385, 0, 0, 0.002314815, 0.01033912, 0, 0.008355206, 
0.01786265, 0, 0, 0, 0.020796, 0, 0, 0, 0.002053465, 0, 0.02170818, 0.01077741, 
0.265118, 0.1108464, 0.134201, 0.1220049, 0.5667189, 0.7962159, 0.05209138, 
0.05754593, 0.2366898, 0.3523504, 0.1172728, 0.1120777, 0.4867458, 0.6170389, 
0.1906692, 0.1811461, 0.6787809, 0.9331197, 0.1882136, 0.1782449, 0.6876493, 
0.9322787, 0.1566405, 0.1422403, 0.6082363, 0.8767577, 0.1308344, 0.1175416, 
0.320679, 0.754594, 0, 0, 0, 0.1688379, 0, 0, 0, 0, 0, 0, 0, 0, 0, 0.009207518, 
0.01123805, 0, 0, 0.03000952, 0.2409046, 0, 0.1321252, 0.06017695, 0.4435111, 
0, 0.1685972, 0.1673666, 0.6065586, 0, 0.2308403, 0.228918, 0.7172939, 0, 
0.283151, 0.2715879, 0.803588, 0, 0.2529165, 0.2543603, 0.7088187, 0, 
0.2146178, 0.2252985, 0.2792339, 0, 0.03586444, 0.06688539, 0.0595679, 0, 
0.02064392, 0, 0.04853644, 0, 0, 0, 0, 0, 0.006590692, 0.002645839, 0.1112605, 
0, 0, 0, 0.01381422, 0, 5.694696E-5, 0, 0.01446247, 0, 0.1490846, 0.1036957, 0, 
0.02326303, 0.1482733, 0.1618985, 0, 0.3462607, 0.1431478, 0.1525908, 
0.3420699, 0.5643093, 0.3184685, 0.3171697, 0.5799769, 0.8690171, 0.2482771, 
0.2497248, 0.389897, 0.726737, 0.244769, 0.2555457, 0.1443399, 0.5279156, 
0.2295581, 0.2470691, 0.02280093, 0.1691239, 0.1021194, 0.1903099, 0, 
0.07216708, 0.0965251, 0.1049431, 0, 0, 0.08599037, 0.1015579, 0.1286962, 0, 0, 
0, 0.01915323, 0, 0.076662, 0.08045897, 0.1684694, 0.06103926, 0.08679993, 
0.1478283, 0.07508214, 0.4317618, 0.271761, 0.2811461, 0.3983796, 0.5834402, 
0.3175572, 0.3209296, 0.5726927, 0.7934243, 0.3486915, 0.3512905, 0.7622685, 
0.9565171, 0.4174036, 0.4131742, 0.7545176, 0.9906948, 0.39321, 0.3884514, 
0.6949671, 0.9697064, 0.2811669, 0.2784339, 0.4135031, 0.6647436, 0.2098227, 
0.2411523, 0.1232079, 0.4758065, 0.09277134, 0.05853018, 0.05119599, 0, 
0.1087931, 0.1161417, 0.1091323, 0.1245864, 0.192469, 0.2156888, 0.5457363, 
0.7580645, 0.3173426, 0.3406731, 0.9905359, 0.9921715, 0.4016793, 0.4317585, 1, 
0.9829404, 0.394305, 0.4065179, 1, 0.9958333, 0.3700232, 0.3745449, 1, 1, 
0.3336873, 0.3363517, 0.8623457, 0.9886752, 0.3555964, 0.353484, 0.5768369, 
0.8950579, 0.3853635, 0.4053636, 0.4679286, 0.9516129, 0.2420742, 0.3352581, 
0.2376157, 0.6820513, 0, 0.1620523, 0, 0.0058933, 0, 0.09870954, 0, 
0.005448718, 0.1013929, 0.1192109, 0, 0.1581886, 0.8248952, 0.8611676, 0, 
0.9031224, 0.8694092, 0.8552482, 0, 0.9641479, 0.6688566, 0.726505, 0, 
0.9922457, 0.5866688, 0.6489939, 0, 0.9833333, 0.5823577, 0.6272331, 0, 
0.9899711, 0.2451416, 0.2617017, 0, 0.4428419, 0.3158862, 0.3379477, 0, 
0.7279777, 0.3055383, 0.3768098, 0, 0.898263, 0.2993243, 0.3326115, 0, 
0.6738248, 0.1019118, 0.1701803, 0, 0.2986973, 0.09942085, 0.08143045, 0, 
0.01623932, 0.0956325, 0.1241216, 0, 0, 0.1066135, 0.1221319, 0, 0.06007031, 
0.1405565, 0.157759, 0, 0.2829589, 0.1267696, 0.1372026, 0, 0.3760339, 
0.1515444, 0.1600612, 0, 0.5525641, 0.1873729, 0.2029252, 0, 0.2166046, 
0.2881703, 0.1784996, 0, 0.6284188, 0.2706958, 0.2801837, 0, 0.9362076, 
0.2709449, 0.2766912, 0, 0.9655707, 0.2412484, 0.2497375, 0, 0.5455128, 
0.1575746, 0.1655237, 0, 0.2768817, 0.09823037, 0.1310367, 0, 0, 0.107558, 
0.1169672, 0, 0.0743383, 0.08848134, 0.1125011, 0, 0.2131927, 0.3423651, 
0.3588136, 0, 0.6213978, 0.7043737, 0.7215519, 0, 0.9636063, 0.1745066, 
0.1859143, 0, 0.4528846, 0.09239424, 0.09167302, 0, 0.1057692, 0.2629451, 
0.2762467, 0.4173611, 0.9266026, 0.2541101, 0.259271, 0.8730585, 0.9890405, 
0.2196517, 0.228791, 0.6742085, 0.9002275, 0.1748177, 0.1784777, 0.5513503, 
0.7745726, 0.06928011, 0.07124714, 0.1580795, 0.2972498, 0.006349206, 
0.007524059, 0, 0, 0.004390335, 0.005355177, 0, 0, NA, NA, NA, NA, NA, NA, NA, 
NA, NA, NA, NA, NA, NA, NA, NA, NA, NA, NA, NA, NA, NA, NA, NA, NA, NA, NA, NA, 
NA, NA, NA, NA, NA, NA, NA, NA, NA, NA, NA, NA, NA, NA, NA, NA, NA, NA, NA, NA, 
NA, NA, NA, NA, NA, NA, NA, NA, NA, NA, NA, NA, NA, NA, NA, NA, NA, NA, NA, NA, 
NA, NA, NA, NA, NA, NA, NA, NA, NA, NA, NA, NA, NA, NA, NA, NA, NA, NA, NA, NA, 
NA, NA, NA, NA, NA, NA, NA, NA, NA, NA, NA, NA, NA, NA, NA, NA, NA, NA, NA, NA, 
NA, NA, NA, NA, NA, NA, NA, NA, NA, NA, NA, NA, NA, NA, NA, NA, NA, NA, NA, NA, 
NA, NA, NA, NA, NA, NA, NA, NA, NA, NA, NA, NA, NA, NA, NA, NA, NA, NA, NA, NA, 
NA, NA, NA, NA, NA, NA, NA, NA, NA, NA, NA, NA, NA, NA, NA, NA, NA, NA, NA, NA, 
NA, NA, NA, NA, NA, NA, NA, NA, NA, NA, NA, NA, NA, NA, NA, NA, NA, NA, NA, NA, 
NA, NA, NA, NA, NA, 0.1324573, 0.03227923, 0.008064516, 0, 0.1284837, 
0.0003251806, 0, 0, 0.02688172, 0.00842435, 0.04756571, 0, 0.1591592, 
0.0459755, 0.1540895, 0.1507479, 0.2684747, 0.1217509, 0.2980137, 0.4978288, 
0.2916238, 0.1282152, 0.2951003, 0.5034188, 0.308735, 0.3103251, 0.2940562, 
0.6084574, 0.2758542, 0.2841842, 0.2039651, 0.3508065, 0.2239382, 0.2300962, 
0.015625, 0.03717949, 0.2133516, 0.2199433, 0.03405018, 0.1084574, 0.159245, 
0.1836177, 0.006905864, 0.0383547, 0.1555507, 0.167471, 0, 0, 0.03636817, 
0.02571755, 0, 0, 0.02268767, 0.02294846, 0.01774009, 0, 0.01904554, 
0.02017187, 0.020908, 0, 0.01879022, 0.01819773, 0.03109568, 0.0207265, 
0.0605202, 0.04409025, 0.3348641, 0.5310174, 0.07071, 0.05295276, 0.4261188, 
0.6519231, 0.07500934, 0.04980527, 0.3766801, 0.6308933, 0.07122099, 
0.05151977, 0.3217593, 0.5183002, 0.08403046, 0.06257655, 0.3710262, 0.7449786, 
0.04213891, 0.03196173, 0.09759558, 0.1854839, 0.02343415, 0.01638233, 0, 0, 
0.02334247, 0.01221319, 0.01993728, 0.01757651, 0.04906173, 0.02436288, 
0.1158901, 0.08333333, 0.02514778, 0.0276868, 0.05149951, 0.0406172, 
0.01705277, 0.01771654, 0.08990442, 0.007857734, 0.0548906, 0.05778653, 
0.121412, 0.1405983, 0.100054, 0.105008, 0.2208781, 0.3105873, 0.1521128, 
0.1238845, 0.1960648, 0.5885684, 0.1036036, 0.05416561, 0, 0.4255583, 
0.09831029, 0.0341419, 0, 0.3020058, 0.04647147, 0.0328084, 0, 0.05950855, 
0.02311413, 0.02396071, 0, 0, 0.01807164, 0.02373141, 0, 0, 0.03168722, 
0.02188638, 0, 0, 0.02759787, 0.02032004, 0, 0, 0.02163984, 0.01168327, 0, 0, 
0.02110059, 0.006371179, 0.04831243, 0, 0.01827542, 0.01224847, 0.03016975, 0, 
0.03444804, 0.02514605, 0.05686231, 0.05645161, 0.04288932, 0.02968066, 
0.1828318, 0.1853632, 0.05523726, 0.03873508, 0.1596849, 0.1679074, 0.05575622, 
0.03913724, 0.1378062, 0.1667701, 0.04406907, 0.03171479, 0.06574074, 
0.1180556, 0.02962179, 0.02144188, 0.003136201, 0, 0.01815744, 0.01480752, 0, 
0, 0.02287541, 0.0148802, 0.003546894, 0, 0.02274048, 0.0155787, 0.1102897, 
0.1425765, 0.0179269, 0.01635194, 0.1287693, 0.1664398, 0, 0.003725341, 
0.1314591, 0.1698718, 0, 0.001334208, 0.1186343, 0.153312, 0.03694939, 
0.02298705, 0.1120818, 0.1448511, 0.04525955, 0.03307087, 0.1256173, 0.1622863, 
0.05554864, 0.03875624, 0.1289949, 0.1666667, 0.04405904, 0.02929473, 
0.1161514, 0.1501241, 0.03746246, 0.02556868, 0.07959105, 0.1028846, 
0.02092415, 0.01591737, 0.06317204, 0.08167907, 0.02000215, 0.01303587, 
0.0751929, 0.09722222, 0.02030141, 0.0145627, 0.0739994, 0.09563689, 
0.01138581, 0.01003302, 0.2564591, 0.2881514, 0.006503343, 0.01442408, 
0.2578663, 0.2897663, 0.006621829, 0.004318009, 0.2448477, 0.2751241, 
0.01619477, 0.004265092, 0.2528164, 0.2840812, 0.02552207, 0.02262721, 
0.3450941, 0.3877171, 0.0274882, 0.01975066, 0.3324846, 0.3736111, 0.04177565, 
0.02944289, 0.2990965, 0.3360215, 0.04005273, 0.02565405, 0.2482079, 0.2788462, 
0.04266409, 0.03136483, 0.2032793, 0.2284188, 0.03916013, 0.0150707, 0.2122909, 
0.2385236, 0.01388889, 0.009120735, 0.2364198, 0.2655983, 0.01139619, 
0.02277538, 0.2561231, 0.2877378, 0.02306223, 0.009292185, 0.3192578, 
0.4612283, 0.007642282, 0.001231041, 0.3073582, 0.4440663, 0.05222734, 
0.01426636, 0.3010379, 0.4348635, 0.06746032, 0.02567804, 0.3755787, 0.5425214, 
0.04502429, 0.0318559, 0.3922118, 0.566584, 0.05816173, 0.03886702, 0.4185957, 
0.6047009, 0.04296924, 0.0308399, 0.3310185, 0.4781844, 0.02819986, 0.01940987, 
0.2714307, 0.3920596, 0.0223831, 0.01581365, 0.2055941, 0.2970085, 0.02024951, 
0.04396325, 0.188172, 0.2718156, 0.002745603, 0.008180227, 0.2256173, 
0.3259615, 0, 0.00977902, 0.2368578, 0.342225, 0, 0.005715011, 0.239882, 
0.2816377, 0.002881516, 0.004297029, 0.233448, 0.2739959, 0.01007805, 
0.005926679, 0.2789725, 0.32744, 0.01820034, 0.01828521, 0.3227238, 0.3788462, 
0.01318138, 0.01011769, 0.30171, 0.3542184, 0.02734878, 0.0212161, 0.3677469, 
0.4317308, 0.03274588, 0.02463805, 0.3570415, 0.4191481, 0.02564661, 
0.01892304, 0.3259409, 0.382651, 0.02054912, 0.01305774, 0.2626929, 0.3083333, 
0.002584382, 0.0335704, 0.245221, 0.2878412, 0, 0, 0.2842593, 0.3336538, 0, 
0.0171662, 0.2928614, 0.3437758, 0.005656578, 0, 0.2351404, 0.2448304, 
0.004897439, 0.0001161359, 0.2232874, 0.2324711, 0.01600448, 0.004783676, 
0.2532855, 0.263751, 0.03605749, 0.02171916, 0.2553241, 0.265812, 0.02345664, 
0.01864787, 0.2655317, 0.2764682, 0.03756971, 0.02749344, 0.245409, 0.2555556, 
0.032092, 0.02258488, 0.2511947, 0.2615798, 0.02598912, 0.01873254, 0.239882, 
0.2497932, 0.02558988, 0.01937883, 0.1963349, 0.2044872, 0, 0.005270511, 
0.1897028, 0.1974773, 0, 0.004286964, 0.1962577, 0.2043803, 0.01057624, 
0.01087969, 0.1805182, 0.1879653, 0.01016108, 0.005482178, 0.5027628, 
0.5184036, 0.01690186, 0.01440085, 0.4317027, 0.4452008, 0.09941047, 
0.08172466, 0.5278151, 0.5442514, 0.03474903, 0.03011811, 0.5130787, 0.5290598, 
0.03295346, 0.02349505, 0.4400388, 0.4537841, 0.04550622, 0.02937445, 0.419483, 
0.4325855, 0.03263171, 0.02423588, 0.4867832, 0.5019644, 0.04501391, 0.0320464, 
0.4572133, 0.471464, 0.04091592, 0.03221785, 0.3630787, 0.3744658, 0.003393947, 
0.003810008, 0.3168309, 0.3267163, 0.0240991, 0.009055118, 0.357716, 0.3689103, 
0.02261593, 0.008805351, 0.4352225, 0.4488213, 0.01097065, 0.04639743, 
0.4045699, 0.3234078, 0.02751677, 0.02139224, 0.3066618, 0.2451781, 0.08393532, 
0.0665693, 0.4010977, 0.3206162, 0.03309738, 0.02486877, 0.4194444, 0.3352564, 
0.02495122, 0.0169122, 0.4302569, 0.3438792, 0.03548906, 0.01902887, 0.4133102, 
0.3303419, 0.02392369, 0.0315384, 0.4779719, 0.3820306, 0.02171296, 0.01492253, 
0.4520609, 0.3613524, 0.05408623, 0.02821522, 0.3474537, 0.2777778, 0.01550629, 
0.07884599, 0.3612605, 0.2887717, 0.01590519, 0.01073928, 0.4756559, 0.380235, 
0.02964255, 0.01261536, 0.4270087, 0.3412945), .Dim=c( 492, 4 )) , totrun = c( 
1.62864, 1.50552, 2.2842, 2.08764, 2.15136, 1.7334, 3.14604, 2.37492, 2.1276, 
2.01096, 1.93752, 1.87056, 1.61676, 1.3176, 1.26576, 1.05408, 0.90828, 0.7776, 
1.21284, 4.63644, 2.8728, 2.9322, 2.47752, 2.67948, 2.14272, 1.99368, 1.79496, 
1.42884, 1.2204, 1.09728, 1.20528, 1.2204, 0.75816, 12.45672, 9.5742, 8.69508, 
14.70528, 10.68984, 37.32912, 24.32268, 11.04624, 6.11172, 4.27896, 3.14712, 
2.22912, 1.81764, 1.62648, 1.31004, 1.94832, 1.2096, 1.63944, 1.29708, 1.07136, 
0.98496, 1.04436, 1.20312, 0.88776, 0.9126, 0.5562, 0.69012, 0.58536, 0.73332, 
0.88776, 0.83592, 0.80352, 0.7776, 2.09412, 0.78408, 0.59508, 0.53568, 0.5184, 
0.75168, 0.53676, 0.37368, 0.35208, 0.49464, 0.32724, 0.2592, 1.09728, 0.49032, 
0.7398, 0.4374, 0.29592, 0.28728, 0.6696, 0.25812, 0.30672, 0.32832, 0.26784, 
0.2592, 0.3834, 0.60696, 0.63936, 0.49896, 0.27648, 0.3996, 1.6578, 9.52128, 
26.17056, 22.14864, 10.67688, 5.88708, 4.46364, 3.40416, 2.1978, 1.8954, 
6.23376, 9.22968, 114.629, 30.0942, 16.98516, 16.96356, 9.29016, 5.40216, 
3.76704, 6.50808, 2.15136, 1.9602, 1.48392, 1.42236, 3.4884, 56.30904, 
59.61708, 20.33316, 9.5634, 5.47776, 4.05324, 2.92032, 2.12868, 1.863, 1.41372, 
1.29276, 1.24632, 1.00332, 1.37916, 0.83808, 0.81324, 0.78948, 1.83276, 
1.05084, 0.75924, 0.7938, 0.5184, 0.53568, 0.82404, 0.66744, 3.43764, 2.84148, 
2.68704, 1.9494, 1.80468, 1.67508, 1.45044, 1.0746, 1.55628, 3.06072, 11.03328, 
21.25548, 36.21672, 29.86848, 11.9016, 6.38388, 4.72608, 5.5998, 13.05396, 
21.12264, 12.48156, 8.13132, 6.99408, 5.22936, 4.0824, 2.85228, 2.2356, 
1.73448, 3.60396, 4.33512, 4.83192, 5.37948, 5.30172, 17.46684, 91.6974, 
33.23808, 18.96156, 10.12284, 6.0264, 3.85776, 3.42468, 2.46348, 2.79828, 
1.62324, 2.91276, 4.1796, 4.482, 4.90752, 5.86548, 4.79844, 3.67848, 2.619, 
2.28312, 4.24656, 2.9862, 3.28752, 3.23676, 3.95928, 6.507, 32.07384, 18.85032, 
8.70264, 5.30496, 3.47112, 2.7432, 2.29176, 1.63728, 1.65564, 3.87396, 3.13308, 
4.65156, 6.615, 5.82984, 4.44744, 3.19896, 2.45268, 2.69136, 2.30364, 2.01744, 
1.80576, 1.59192, 1.35, 1.60596, 1.1826, 2.08116, 1.5552, 1.3554, 1.13616, 
1.71936, 1.01412, 0.83052, 0.96228, 0.51948, 0.72576, 0.81648, 0.72468, 
1.06272, 1.20204, 1.08, 0.891, 1.09188, 2.07468, 2.3166, 1.84464, 1.79928, 
1.79496, 2.05092, 2.187, 10.73952, 13.66524, 7.7922, 4.69584, 4.11264, 2.83932, 
2.90736, 1.7658, 2.00772, 2.37708, 7.1712, 13.33044, 23.8842, 20.41308, 
11.8206, 6.78348, 4.89456, 4.01004, 2.75724, 2.56716, 1.87164, 2.85336, 
116.4013, 80.84232, 44.85348, 17.51004, 8.62488, 5.08464, 3.6666, 7.3656, 
2.25828, 2.26584, 5.67216, 5.01552, 4.17852, 4.17636, 4.56516, 4.04352, 3.267, 
2.376, 2.73024, 2.04336, 1.68048, 1.07136, 1.20852, 1.62432, 3.31236, 8.79012, 
10.12068, 6.70464, 4.95288, 3.32532, 2.54016, 5.06844, 6.37848, 6.11172, 
4.22172, 3.40956, 2.64816, 2.44296, 2.28636, 1.95804, 1.67724, 1.3122, 1.44072, 
1.06704, 1.23768, 0.80352, 0.5994, 0.53676, 1.08108, 0.60588, 0.53568, 0.57672, 
0.53568, 0.5184, 0.55296, 0.90504, 0.51192, 0.27432, 0.3726, 0.3564, 0.44388, 
9.3528, 7.8516, 8.89704, 6.16572, 3.96036, 5.67648, 4.61268, 3.6828, 3.07692, 
2.27988, 2.25612, 1.86732, 1.48608, 1.37376, 2.17728, 1.07136, 1.03896, 2.6028, 
2.02392, 3.70656, 3.92364, 3.14712, 2.61144, 2.1654, 1.70316, 7.25868, 7.99632, 
5.50044, 3.6018, 2.73996, 2.39544, 1.52928, 4.12236, 3.43548, 3.3912, 6.23808, 
9.34092, 7.75548, 6.03612, 5.26932, 3.67848, 3.19572, 2.47968, 1.62324, 
1.34892, 1.23768, 1.3068, 0.81756, 0.72684, 0.82728, 0.56808, 0.53568, 0.5184, 
1.1718, 0.60912, 0.89964, 0.26784, 0.32508, 0.30024, 0.49032, 2.27232, 6.98436, 
6.3666, 4.38696, 2.95704, 2.62872, 1.90728, 1.37268, 1.25496, 1.20852, 0.84888, 
1.15668, 1.61784, 1.26684, 1.296, 1.1124, 0.99144, 0.9396, 0.98496, 0.6642, 
0.83592, 0.83052, 1.215, 8.18532, 79.94052, 31.914, 11.59164, 6.5664, 4.0716, 
3.05424, 3.08664, 1.90404, 1.70208, 1.48824, 1.2474, 1.07136, 1.04976, 1.11564, 
0.7776, 0.80352, 0.7776, 1.41156, 1.10808, 1.4364, 0.80352, 1.10376, 0.80352, 
0.94716, 0.98064, 0.80352, 0.80028, 0.81108, 0.64692, 0.81864, 0.9126, 0.621, 
0.53568, 0.66528, 1.13724, 1.39212, 2.02392, 2.90736, 2.65248, 2.17944, 
1.67292, 1.81548, 1.836, 1.18476, 1.21068, 1.12968, 1.39536, 1.25172, 1.2096, 
1.40832, 1.0476, 0.94824, 0.7776, 0.93744, 0.90828, 0.63396, 0.57564, 0.59832, 
0.72036, 0.48924, 0.80244, 0.47952, 0.48384, 0.53568, 0.4482, 0.7668, 0.66312, 
0.32616, 0.26784, 0.32724, 0.65772) , capacity = c( 129.5, 63.5, 36, 13) , 
plants = c( 145, 148, 149, 150) , nt = 492 , month = c( 1, 2, 3, 4, 5, 6, 7, 8, 
9, 10, 11, 12, 1, 2, 3, 4, 5, 6, 7, 8, 9, 10, 11, 12, 1, 2, 3, 4, 5, 6, 7, 8, 
9, 10, 11, 12, 1, 2, 3, 4, 5, 6, 7, 8, 9, 10, 11, 12, 1, 2, 3, 4, 5, 6, 7, 8, 
9, 10, 11, 12, 1, 2, 3, 4, 5, 6, 7, 8, 9, 10, 11, 12, 1, 2, 3, 4, 5, 6, 7, 8, 
9, 10, 11, 12, 1, 2, 3, 4, 5, 6, 7, 8, 9, 10, 11, 12, 1, 2, 3, 4, 5, 6, 7, 8, 
9, 10, 11, 12, 1, 2, 3, 4, 5, 6, 7, 8, 9, 10, 11, 12, 1, 2, 3, 4, 5, 6, 7, 8, 
9, 10, 11, 12, 1, 2, 3, 4, 5, 6, 7, 8, 9, 10, 11, 12, 1, 2, 3, 4, 5, 6, 7, 8, 
9, 10, 11, 12, 1, 2, 3, 4, 5, 6, 7, 8, 9, 10, 11, 12, 1, 2, 3, 4, 5, 6, 7, 8, 
9, 10, 11, 12, 1, 2, 3, 4, 5, 6, 7, 8, 9, 10, 11, 12, 1, 2, 3, 4, 5, 6, 7, 8, 
9, 10, 11, 12, 1, 2, 3, 4, 5, 6, 7, 8, 9, 10, 11, 12, 1, 2, 3, 4, 5, 6, 7, 8, 
9, 10, 11, 12, 1, 2, 3, 4, 5, 6, 7, 8, 9, 10, 11, 12, 1, 2, 3, 4, 5, 6, 7, 8, 
9, 10, 11, 12, 1, 2, 3, 4, 5, 6, 7, 8, 9, 10, 11, 12, 1, 2, 3, 4, 5, 6, 7, 8, 
9, 10, 11, 12, 1, 2, 3, 4, 5, 6, 7, 8, 9, 10, 11, 12, 1, 2, 3, 4, 5, 6, 7, 8, 
9, 10, 11, 12, 1, 2, 3, 4, 5, 6, 7, 8, 9, 10, 11, 12, 1, 2, 3, 4, 5, 6, 7, 8, 
9, 10, 11, 12, 1, 2, 3, 4, 5, 6, 7, 8, 9, 10, 11, 12, 1, 2, 3, 4, 5, 6, 7, 8, 
9, 10, 11, 12, 1, 2, 3, 4, 5, 6, 7, 8, 9, 10, 11, 12, 1, 2, 3, 4, 5, 6, 7, 8, 
9, 10, 11, 12, 1, 2, 3, 4, 5, 6, 7, 8, 9, 10, 11, 12, 1, 2, 3, 4, 5, 6, 7, 8, 
9, 10, 11, 12, 1, 2, 3, 4, 5, 6, 7, 8, 9, 10, 11, 12, 1, 2, 3, 4, 5, 6, 7, 8, 
9, 10, 11, 12, 1, 2, 3, 4, 5, 6, 7, 8, 9, 10, 11, 12, 1, 2, 3, 4, 5, 6, 7, 8, 
9, 10, 11, 12, 1, 2, 3, 4, 5, 6, 7, 8, 9, 10, 11, 12, 1, 2, 3, 4, 5, 6, 7, 8, 
9, 10, 11, 12, 1, 2, 3, 4, 5, 6, 7, 8, 9, 10, 11, 12, 1, 2, 3, 4, 5, 6, 7, 8, 
9, 10, 11, 12, 1, 2, 3, 4, 5, 6, 7, 8, 9, 10, 11, 12, 1, 2, 3, 4, 5, 6, 7, 8, 
9, 10, 11, 12, 1, 2, 3, 4, 5, 6, 7, 8, 9, 10, 11, 12, 1, 2, 3, 4, 5, 6, 7, 8, 
9, 10, 11, 12, 1, 2, 3, 4, 5, 6, 7, 8, 9, 10, 11, 12, 1, 2, 3, 4, 5, 6, 7, 8, 
9, 10, 11, 12, 1, 2, 3, 4, 5, 6, 7, 8, 9, 10, 11, 12, 1, 2, 3, 4, 5, 6, 7, 8, 
9, 10, 11, 12, 1, 2, 3, 4, 5, 6, 7, 8, 9, 10, 11, 12, 1, 2, 3, 4, 5, 6, 7, 8, 
9, 10, 11, 12, 1, 2, 3, 4, 5, 6, 7, 8, 9, 10, 11, 12, 1, 2, 3, 4, 5, 6, 7, 8, 
9, 10, 11, 12, 1, 2, 3, 4, 5, 6, 7, 8, 9, 10, 11, 12, 1, 2, 3, 4, 5, 6, 7, 8, 
9, 10, 11, 12, 1, 2, 3, 4, 5, 6, 7, 8, 9, 10, 11, 12, 1, 2, 3, 4, 5, 6, 7, 8, 
9, 10, 11, 12, 1, 2, 3, 4, 5, 6, 7, 8, 9, 10, 11, 12, 1, 2, 3, 4, 5, 6, 7, 8, 
9, 10, 11, 12, 1, 2, 3, 4, 5, 6, 7, 8, 9, 10, 11, 12, 1, 2, 3, 4, 5, 6, 7, 8, 
9, 10, 11, 12, 1, 2, 3, 4, 5, 6, 7, 8, 9, 10, 11, 12, 1, 2, 3, 4, 5, 6, 7, 8, 
9, 10, 11, 12, 1, 2, 3, 4, 5, 6, 7, 8, 9, 10, 11, 12, 1, 2, 3, 4, 5, 6, 7, 8, 
9, 10, 11, 12, 1, 2, 3, 4, 5, 6, 7, 8, 9, 10, 11, 12, 1, 2, 3, 4, 5, 6, 7, 8, 
9, 10, 11, 12, 1, 2, 3, 4, 5, 6, 7, 8, 9, 10, 11, 12, 1, 2, 3, 4, 5, 6, 7, 8, 
9, 10, 11, 12, 1, 2, 3, 4, 5, 6, 7, 8, 9, 10, 11, 12, 1, 2, 3, 4, 5, 6, 7, 8, 
9, 10, 11, 12, 1, 2, 3, 4, 5, 6, 7, 8, 9, 10, 11, 12, 1, 2, 3, 4, 5, 6, 7, 8, 
9, 10, 11, 12, 1, 2, 3, 4, 5, 6, 7, 8, 9, 10, 11, 12, 1, 2, 3, 4, 5, 6, 7, 8, 
9, 10, 11, 12, 1, 2, 3, 4, 5, 6, 7, 8, 9, 10, 11, 12, 1, 2, 3, 4, 5, 6, 7, 8, 
9, 10, 11, 12, 1, 2, 3, 4, 5, 6, 7, 8, 9, 10, 11, 12, 1, 2, 3, 4, 5, 6, 7, 8, 
9, 10, 11, 12, 1, 2, 3, 4, 5, 6, 7, 8, 9, 10, 11, 12, 1, 2, 3, 4, 5, 6, 7, 8, 
9, 10, 11, 12, 1, 2, 3, 4, 5, 6, 7, 8, 9, 10, 11, 12, 1, 2, 3, 4, 5, 6, 7, 8, 
9, 10, 11, 12, 1, 2, 3, 4, 5, 6, 7, 8, 9, 10, 11, 12, 1, 2, 3, 4, 5, 6, 7, 8, 
9, 10, 11, 12, 1, 2, 3, 4, 5, 6, 7, 8, 9, 10, 11, 12, 1, 2, 3, 4, 5, 6, 7, 8, 
9, 10, 11, 12, 1, 2, 3, 4, 5, 6, 7, 8, 9, 10, 11, 12, 1, 2, 3, 4, 5, 6, 7, 8, 
9, 10, 11, 12, 1, 2, 3, 4, 5, 6, 7, 8, 9, 10, 11, 12, 1, 2, 3, 4, 5, 6, 7, 8, 
9, 10, 11, 12, 1, 2, 3, 4, 5, 6, 7, 8, 9, 10, 11, 12, 1, 2, 3, 4, 5, 6, 7, 8, 
9, 10, 11, 12, 1, 2, 3, 4, 5, 6, 7, 8, 9, 10, 11, 12, 1, 2, 3, 4, 5, 6, 7, 8, 
9, 10, 11, 12, 1, 2, 3, 4, 5, 6, 7, 8, 9, 10, 11, 12, 1, 2, 3, 4, 5, 6, 7, 8, 
9, 10, 11, 12, 1, 2, 3, 4, 5, 6, 7, 8, 9, 10, 11, 12, 1, 2, 3, 4, 5, 6, 7, 8, 
9, 10, 11, 12, 1, 2, 3, 4, 5, 6, 7, 8, 9, 10, 11, 12, 1, 2, 3, 4, 5, 6, 7, 8, 
9, 10, 11, 12, 1, 2, 3, 4, 5, 6, 7, 8, 9, 10, 11, 12, 1, 2, 3, 4, 5, 6, 7, 8, 
9, 10, 11, 12, 1, 2, 3, 4, 5, 6, 7, 8, 9, 10, 11, 12, 1, 2, 3, 4, 5, 6, 7, 8, 
9, 10, 11, 12, 1, 2, 3, 4, 5, 6, 7, 8, 9, 10, 11, 12, 1, 2, 3, 4, 5, 6, 7, 8, 
9, 10, 11, 12, 1, 2, 3, 4, 5, 6, 7, 8, 9, 10, 11, 12, 1, 2, 3, 4, 5, 6, 7, 8, 
9, 10, 11, 12, 1, 2, 3, 4, 5, 6, 7, 8, 9, 10, 11, 12, 1, 2, 3, 4, 5, 6, 7, 8, 
9, 10, 11, 12, 1, 2, 3, 4, 5, 6, 7, 8, 9, 10, 11, 12, 1, 2, 3, 4, 5, 6, 7, 8, 
9, 10, 11, 12, 1, 2, 3, 4, 5, 6, 7, 8, 9, 10, 11, 12, 1, 2, 3, 4, 5, 6, 7, 8, 
9, 10, 11, 12, 1, 2, 3, 4, 5, 6, 7, 8, 9, 10, 11, 12, 1, 2, 3, 4, 5, 6, 7, 8, 
9, 10, 11, 12, 1, 2, 3, 4, 5, 6, 7, 8, 9, 10, 11, 12, 1, 2, 3, 4, 5, 6, 7, 8, 
9, 10, 11, 12, 1, 2, 3, 4, 5, 6, 7, 8, 9, 10, 11, 12, 1, 2, 3, 4, 5, 6, 7, 8, 
9, 10, 11, 12, 1, 2, 3, 4, 5, 6, 7, 8, 9, 10, 11, 12, 1, 2, 3, 4, 5, 6, 7, 8, 
9, 10, 11, 12, 1, 2, 3, 4, 5, 6, 7, 8, 9, 10, 11, 12, 1, 2, 3, 4, 5, 6, 7, 8, 
9, 10, 11, 12, 1, 2, 3, 4, 5, 6, 7, 8, 9, 10, 11, 12, 1, 2, 3, 4, 5, 6, 7, 8, 
9, 10, 11, 12, 1, 2, 3, 4, 5, 6, 7, 8, 9, 10, 11, 12, 1, 2, 3, 4, 5, 6, 7, 8, 
9, 10, 11, 12, 1, 2, 3, 4, 5, 6, 7, 8, 9, 10, 11, 12, 1, 2, 3, 4, 5, 6, 7, 8, 
9, 10, 11, 12, 1, 2, 3, 4, 5, 6, 7, 8, 9, 10, 11, 12, 1, 2, 3, 4, 5, 6, 7, 8, 
9, 10, 11, 12, 1, 2, 3, 4, 5, 6, 7, 8, 9, 10, 11, 12, 1, 2, 3, 4, 5, 6, 7, 8, 
9, 10, 11, 12, 1, 2, 3, 4, 5, 6, 7, 8, 9, 10, 11, 12, 1, 2, 3, 4, 5, 6, 7, 8, 
9, 10, 11, 12, 1, 2, 3, 4, 5, 6, 7, 8, 9, 10, 11, 12, 1, 2, 3, 4, 5, 6, 7, 8, 
9, 10, 11, 12, 1, 2, 3, 4, 5, 6, 7, 8, 9, 10, 11, 12, 1, 2, 3, 4, 5, 6, 7, 8, 
9, 10, 11, 12, 1, 2, 3, 4, 5, 6, 7, 8, 9, 10, 11, 12, 1, 2, 3, 4, 5, 6, 7, 8, 
9, 10, 11, 12, 1, 2, 3, 4, 5, 6, 7, 8, 9, 10, 11, 12, 1, 2, 3, 4, 5, 6, 7, 8, 
9, 10, 11, 12, 1, 2, 3, 4, 5, 6, 7, 8, 9, 10, 11, 12, 1, 2, 3, 4, 5, 6, 7, 8, 
9, 10, 11, 12, 1, 2, 3, 4, 5, 6, 7, 8, 9, 10, 11, 12, 1, 2, 3, 4, 5, 6, 7, 8, 
9, 10, 11, 12, 1, 2, 3, 4, 5, 6, 7, 8, 9, 10, 11, 12, 1, 2, 3, 4, 5, 6, 7, 8, 
9, 10, 11, 12, 1, 2, 3, 4, 5, 6, 7, 8, 9, 10, 11, 12, 1, 2, 3, 4, 5, 6, 7, 8, 
9, 10, 11, 12, 1, 2, 3, 4, 5, 6, 7, 8, 9, 10, 11, 12, 1, 2, 3, 4, 5, 6, 7, 8, 
9, 10, 11, 12, 1, 2, 3, 4, 5, 6, 7, 8, 9, 10, 11, 12, 1, 2, 3, 4, 5, 6, 7, 8, 
9, 10, 11, 12, 1, 2, 3, 4, 5, 6, 7, 8, 9, 10, 11, 12, 1, 2, 3, 4, 5, 6, 7, 8, 
9, 10, 11, 12, 1, 2, 3, 4, 5, 6, 7, 8, 9, 10, 11, 12, 1, 2, 3, 4, 5, 6, 7, 8, 
9, 10, 11, 12, 1, 2, 3, 4, 5, 6, 7, 8, 9, 10, 11, 12, 1, 2, 3, 4, 5, 6, 7, 8, 
9, 10, 11, 12, 1, 2, 3, 4, 5, 6, 7, 8, 9, 10, 11, 12, 1, 2, 3, 4, 5, 6, 7, 8, 
9, 10, 11, 12, 1, 2, 3, 4, 5, 6, 7, 8, 9, 10, 11, 12, 1, 2, 3, 4, 5, 6, 7, 8, 
9, 10, 11, 12, 1, 2, 3, 4, 5, 6, 7, 8, 9, 10, 11, 12, 1, 2, 3, 4, 5, 6, 7, 8, 
9, 10, 11, 12, 1, 2, 3, 4, 5, 6, 7, 8, 9, 10, 11, 12, 1, 2, 3, 4, 5, 6, 7, 8, 
9, 10, 11, 12, 1, 2, 3, 4, 5, 6, 7, 8, 9, 10, 11, 12, 1, 2, 3, 4, 5, 6, 7, 8, 
9, 10, 11, 12, 1, 2, 3, 4, 5, 6, 7, 8, 9, 10, 11, 12, 1, 2, 3, 4, 5, 6, 7, 8, 
9, 10, 11, 12, 1, 2, 3, 4, 5, 6, 7, 8, 9, 10, 11, 12, 1, 2, 3, 4, 5, 6, 7, 8, 
9, 10, 11, 12, 1, 2, 3, 4, 5, 6, 7, 8, 9, 10, 11, 12, 1, 2, 3, 4, 5, 6, 7, 8, 
9, 10, 11, 12, 1, 2, 3, 4, 5, 6, 7, 8, 9, 10, 11, 12, 1, 2, 3, 4, 5, 6, 7, 8, 
9, 10, 11, 12, 1, 2, 3, 4, 5, 6, 7, 8, 9, 10, 11, 12, 1, 2, 3, 4, 5, 6, 7, 8, 
9, 10, 11, 12, 1, 2, 3, 4, 5, 6, 7, 8, 9, 10, 11, 12, 1, 2, 3, 4, 5, 6, 7, 8, 
9, 10, 11, 12, 1, 2, 3, 4, 5, 6, 7, 8, 9, 10, 11, 12, 1, 2, 3, 4, 5, 6, 7, 8, 
9, 10, 11, 12, 1, 2, 3, 4, 5, 6, 7, 8, 9, 10, 11, 12, 1, 2, 3, 4, 5, 6, 7, 8, 
9, 10, 11, 12, 1, 2, 3, 4, 5, 6, 7, 8, 9, 10, 11, 12, 1, 2, 3, 4, 5, 6, 7, 8, 
9, 10, 11, 12, 1, 2, 3, 4, 5, 6, 7, 8, 9, 10, 11, 12, 1, 2, 3, 4, 5, 6, 7, 8, 
9, 10, 11, 12, 1, 2, 3, 4, 5, 6, 7, 8, 9, 10, 11, 12, 1, 2, 3, 4, 5, 6, 7, 8, 
9, 10, 11, 12, 1, 2, 3, 4, 5, 6, 7, 8, 9, 10, 11, 12, 1, 2, 3, 4, 5, 6, 7, 8, 
9, 10, 11, 12, 1, 2, 3, 4, 5, 6, 7, 8, 9, 10, 11, 12, 1, 2, 3, 4, 5, 6, 7, 8, 
9, 10, 11, 12, 1, 2, 3, 4, 5, 6, 7, 8, 9, 10, 11, 12, 1, 2, 3, 4, 5, 6, 7, 8, 
9, 10, 11, 12, 1, 2, 3, 4, 5, 6, 7, 8, 9, 10, 11, 12, 1, 2, 3, 4, 5, 6, 7, 8, 
9, 10, 11, 12, 1, 2, 3, 4, 5, 6, 7, 8, 9, 10, 11, 12, 1, 2, 3, 4, 5, 6, 7, 8, 
9, 10, 11, 12, 1, 2, 3, 4, 5, 6, 7, 8, 9, 10, 11, 12, 1, 2, 3, 4, 5, 6, 7, 8, 
9, 10, 11, 12, 1, 2, 3, 4, 5, 6, 7, 8, 9, 10, 11, 12, 1, 2, 3, 4, 5, 6, 7, 8, 
9, 10, 11, 12, 1, 2, 3, 4, 5, 6, 7, 8, 9, 10, 11, 12, 1, 2, 3, 4, 5, 6, 7, 8, 
9, 10, 11, 12, 1, 2, 3, 4, 5, 6, 7, 8, 9, 10, 11, 12, 1, 2, 3, 4, 5, 6, 7, 8, 
9, 10, 11, 12, 1, 2, 3, 4, 5, 6, 7, 8, 9, 10, 11, 12, 1, 2, 3, 4, 5, 6, 7, 8, 
9, 10, 11, 12, 1, 2, 3, 4, 5, 6, 7, 8, 9, 10, 11, 12, 1, 2, 3, 4, 5, 6, 7, 8, 
9, 10, 11, 12, 1, 2, 3, 4, 5, 6, 7, 8, 9, 10, 11, 12, 1, 2, 3, 4, 5, 6, 7, 8, 
9, 10, 11, 12, 1, 2, 3, 4, 5, 6, 7, 8, 9, 10, 11, 12, 1, 2, 3, 4, 5, 6, 7, 8, 
9, 10, 11, 12, 1, 2, 3, 4, 5, 6, 7, 8, 9, 10, 11, 12, 1, 2, 3, 4, 5, 6, 7, 8, 
9, 10, 11, 12, 1, 2, 3, 4, 5, 6, 7, 8, 9, 10, 11, 12, 1, 2, 3, 4, 5, 6, 7, 8, 
9, 10, 11, 12, 1, 2, 3, 4, 5, 6, 7, 8, 9, 10, 11, 12, 1, 2, 3, 4, 5, 6, 7, 8, 
9, 10, 11, 12, 1, 2, 3, 4, 5, 6, 7, 8, 9, 10, 11, 12, 1, 2, 3, 4, 5, 6, 7, 8, 
9, 10, 11, 12, 1, 2, 3, 4, 5, 6, 7, 8, 9, 10, 11, 12, 1, 2, 3, 4, 5, 6, 7, 8, 
9, 10, 11, 12, 1, 2, 3, 4, 5, 6, 7, 8, 9, 10, 11, 12, 1, 2, 3, 4, 5, 6, 7, 8, 
9, 10, 11, 12, 1, 2, 3, 4, 5, 6, 7, 8, 9, 10, 11, 12, 1, 2, 3, 4, 5, 6, 7, 8, 
9, 10, 11, 12, 1, 2, 3, 4, 5, 6, 7, 8, 9, 10, 11, 12, 1, 2, 3, 4, 5, 6, 7, 8, 
9, 10, 11, 12, 1, 2, 3, 4, 5, 6, 7, 8, 9, 10, 11, 12, 1, 2, 3, 4, 5, 6, 7, 8, 
9, 10, 11, 12, 1, 2, 3, 4, 5, 6, 7, 8, 9, 10, 11, 12, 1, 2, 3, 4, 5, 6, 7, 8, 
9, 10, 11, 12, 1, 2, 3, 4, 5, 6, 7, 8, 9, 10, 11, 12, 1, 2, 3, 4, 5, 6, 7, 8, 
9, 10, 11, 12, 1, 2, 3, 4, 5, 6, 7, 8, 9, 10, 11, 12, 1, 2, 3, 4, 5, 6, 7, 8, 
9, 10, 11, 12, 1, 2, 3, 4, 5, 6, 7, 8, 9, 10, 11, 12, 1, 2, 3, 4, 5, 6, 7, 8, 
9, 10, 11, 12, 1, 2, 3, 4, 5, 6, 7, 8, 9, 10, 11, 12, 1, 2, 3, 4, 5, 6, 7, 8, 
9, 10, 11, 12, 1, 2, 3, 4, 5, 6, 7, 8, 9, 10, 11, 12, 1, 2, 3, 4, 5, 6, 7, 8, 
9, 10, 11, 12, 1, 2, 3, 4, 5, 6, 7, 8, 9, 10, 11, 12, 1, 2, 3, 4, 5, 6, 7, 8, 
9, 10, 11, 12, 1, 2, 3, 4, 5, 6, 7, 8, 9, 10, 11, 12, 1, 2, 3, 4, 5, 6, 7, 8, 
9, 10, 11, 12, 1, 2, 3, 4, 5, 6, 7, 8, 9, 10, 11, 12, 1, 2, 3, 4, 5, 6, 7, 8, 
9, 10, 11, 12, 1, 2, 3, 4, 5, 6, 7, 8, 9, 10, 11, 12, 1, 2, 3, 4, 5, 6, 7, 8, 
9, 10, 11, 12, 1, 2, 3, 4, 5, 6, 7, 8, 9, 10, 11, 12, 1, 2, 3, 4, 5, 6, 7, 8, 
9, 10, 11, 12, 1, 2, 3, 4, 5, 6, 7, 8, 9, 10, 11, 12, 1, 2, 3, 4, 5, 6, 7, 8, 
9, 10, 11, 12, 1, 2, 3, 4, 5, 6, 7, 8, 9, 10, 11, 12, 1, 2, 3, 4, 5, 6, 7, 8, 
9, 10, 11, 12, 1, 2, 3, 4, 5, 6, 7, 8, 9, 10, 11, 12, 1, 2, 3, 4, 5, 6, 7, 8, 
9, 10, 11, 12, 1, 2, 3, 4, 5, 6, 7, 8, 9, 10, 11, 12, 1, 2, 3, 4, 5, 6, 7, 8, 
9, 10, 11, 12, 1, 2, 3, 4, 5, 6, 7, 8, 9, 10, 11, 12, 1, 2, 3, 4, 5, 6, 7, 8, 
9, 10, 11, 12, 1, 2, 3, 4, 5, 6, 7, 8, 9, 10, 11, 12, 1, 2, 3, 4, 5, 6, 7, 8, 
9, 10, 11, 12, 1, 2, 3, 4, 5, 6, 7, 8, 9, 10, 11, 12, 1, 2, 3, 4, 5, 6, 7, 8, 
9, 10, 11, 12, 1, 2, 3, 4, 5, 6, 7, 8, 9, 10, 11, 12, 1, 2, 3, 4, 5, 6, 7, 8, 
9, 10, 11, 12, 1, 2, 3, 4, 5, 6, 7, 8, 9, 10, 11, 12, 1, 2, 3, 4, 5, 6, 7, 8, 
9, 10, 11, 12, 1, 2, 3, 4, 5, 6, 7, 8, 9, 10, 11, 12, 1, 2, 3, 4, 5, 6, 7, 8, 
9, 10, 11, 12, 1, 2, 3, 4, 5, 6, 7, 8, 9, 10, 11, 12, 1, 2, 3, 4, 5, 6, 7, 8, 
9, 10, 11, 12, 1, 2, 3, 4, 5, 6, 7, 8, 9, 10, 11, 12, 1, 2, 3, 4, 5, 6, 7, 8, 
9, 10, 11, 12, 1, 2, 3, 4, 5, 6, 7, 8, 9, 10, 11, 12, 1, 2, 3, 4, 5, 6, 7, 8, 
9, 10, 11, 12, 1, 2, 3, 4, 5, 6, 7, 8, 9, 10, 11, 12, 1, 2, 3, 4, 5, 6, 7, 8, 
9, 10, 11, 12, 1, 2, 3, 4, 5, 6, 7, 8, 9, 10, 11, 12, 1, 2, 3, 4, 5, 6, 7, 8, 
9, 10, 11, 12, 1, 2, 3, 4, 5, 6, 7, 8, 9, 10, 11, 12, 1, 2, 3, 4, 5, 6, 7, 8, 
9, 10, 11, 12, 1, 2, 3, 4, 5, 6, 7, 8, 9, 10, 11, 12, 1, 2, 3, 4, 5, 6, 7, 8, 
9, 10, 11, 12, 1, 2, 3, 4, 5, 6, 7, 8, 9, 10, 11, 12, 1, 2, 3, 4, 5, 6, 7, 8, 
9, 10, 11, 12, 1, 2, 3, 4, 5, 6, 7, 8, 9, 10, 11, 12, 1, 2, 3, 4, 5, 6, 7, 8, 
9, 10, 11, 12, 1, 2, 3, 4, 5, 6, 7, 8, 9, 10, 11, 12, 1, 2, 3, 4, 5, 6, 7, 8, 
9, 10, 11, 12, 1, 2, 3, 4, 5, 6, 7, 8, 9, 10, 11, 12, 1, 2, 3, 4, 5, 6, 7, 8, 
9, 10, 11, 12, 1, 2, 3, 4, 5, 6, 7, 8, 9, 10, 11, 12, 1, 2, 3, 4, 5, 6, 7, 8, 
9, 10, 11, 12, 1, 2, 3, 4, 5, 6, 7, 8, 9, 10, 11, 12, 1, 2, 3, 4, 5, 6, 7, 8, 
9, 10, 11, 12, 1, 2, 3, 4, 5, 6, 7, 8, 9, 10, 11, 12, 1, 2, 3, 4, 5, 6, 7, 8, 
9, 10, 11, 12, 1, 2, 3, 4, 5, 6, 7, 8, 9, 10, 11, 12, 1, 2, 3, 4, 5, 6, 7, 8, 
9, 10, 11, 12, 1, 2, 3, 4, 5, 6, 7, 8, 9, 10, 11, 12, 1, 2, 3, 4, 5, 6, 7, 8, 
9, 10, 11, 12, 1, 2, 3, 4, 5, 6, 7, 8, 9, 10, 11, 12, 1, 2, 3, 4, 5, 6, 7, 8, 
9, 10, 11, 12, 1, 2, 3, 4, 5, 6, 7, 8, 9, 10, 11, 12, 1, 2, 3, 4, 5, 6, 7, 8, 
9, 10, 11, 12, 1, 2, 3, 4, 5, 6, 7, 8, 9, 10, 11, 12, 1, 2, 3, 4, 5, 6, 7, 8, 
9, 10, 11, 12, 1, 2, 3, 4, 5, 6, 7, 8, 9, 10, 11, 12, 1, 2, 3, 4, 5, 6, 7, 8, 
9, 10, 11, 12, 1, 2, 3, 4, 5, 6, 7, 8, 9, 10, 11, 12, 1, 2, 3, 4, 5, 6, 7, 8, 
9, 10, 11, 12, 1, 2, 3, 4, 5, 6, 7, 8, 9, 10, 11, 12, 1, 2, 3, 4, 5, 6, 7, 8, 
9, 10, 11, 12, 1, 2, 3, 4, 5, 6, 7, 8, 9, 10, 11, 12, 1, 2, 3, 4, 5, 6, 7, 8, 
9, 10, 11, 12, 1, 2, 3, 4, 5, 6, 7, 8, 9, 10, 11, 12, 1, 2, 3, 4, 5, 6, 7, 8, 
9, 10, 11, 12, 1, 2, 3, 4, 5, 6, 7, 8, 9, 10, 11, 12, 1, 2, 3, 4, 5, 6, 7, 8, 
9, 10, 11, 12, 1, 2, 3, 4, 5, 6, 7, 8, 9, 10, 11, 12, 1, 2, 3, 4, 5, 6, 7, 8, 
9, 10, 11, 12, 1, 2, 3, 4, 5, 6, 7, 8, 9, 10, 11, 12, 1, 2, 3, 4, 5, 6, 7, 8, 
9, 10, 11, 12, 1, 2, 3, 4, 5, 6, 7, 8, 9, 10, 11, 12, 1, 2, 3, 4, 5, 6, 7, 8, 
9, 10, 11, 12, 1, 2, 3, 4, 5, 6, 7, 8, 9, 10, 11, 12, 1, 2, 3, 4, 5, 6, 7, 8, 
9, 10, 11, 12, 1, 2, 3, 4, 5, 6, 7, 8, 9, 10, 11, 12, 1, 2, 3, 4, 5, 6, 7, 8, 
9, 10, 11, 12, 1, 2, 3, 4, 5, 6, 7, 8, 9, 10, 11, 12, 1, 2, 3, 4, 5, 6, 7, 8, 
9, 10, 11, 12, 1, 2, 3, 4, 5, 6, 7, 8, 9, 10, 11, 12, 1, 2, 3, 4, 5, 6, 7, 8, 
9, 10, 11, 12, 1, 2, 3, 4, 5, 6, 7, 8, 9, 10, 11, 12, 1, 2, 3, 4, 5, 6, 7, 8, 
9, 10, 11, 12, 1, 2, 3, 4, 5, 6, 7, 8, 9, 10, 11, 12, 1, 2, 3, 4, 5, 6, 7, 8, 
9, 10, 11, 12, 1, 2, 3, 4, 5, 6, 7, 8, 9, 10, 11, 12, 1, 2, 3, 4, 5, 6, 7, 8, 
9, 10, 11, 12, 1, 2, 3, 4, 5, 6, 7, 8, 9, 10, 11, 12, 1, 2, 3, 4, 5, 6, 7, 8, 
9, 10, 11, 12, 1, 2, 3, 4, 5, 6, 7, 8, 9, 10, 11, 12, 1, 2, 3, 4, 5, 6, 7, 8, 
9, 10, 11, 12, 1, 2, 3, 4, 5, 6, 7, 8, 9, 10, 11, 12, 1, 2, 3, 4, 5, 6, 7, 8, 
9, 10, 11, 12, 1, 2, 3, 4, 5, 6, 7, 8, 9, 10, 11, 12, 1, 2, 3, 4, 5, 6, 7, 8, 
9, 10, 11, 12, 1, 2, 3, 4, 5, 6, 7, 8, 9, 10, 11, 12, 1, 2, 3, 4, 5, 6, 7, 8, 
9, 10, 11, 12, 1, 2, 3, 4, 5, 6, 7, 8, 9, 10, 11, 12, 1, 2, 3, 4, 5, 6, 7, 8, 
9, 10, 11, 12, 1, 2, 3, 4, 5, 6, 7, 8, 9, 10, 11, 12, 1, 2, 3, 4, 5, 6, 7, 8, 
9, 10, 11, 12, 1, 2, 3, 4, 5, 6, 7, 8, 9, 10, 11, 12, 1, 2, 3, 4, 5, 6, 7, 8, 
9, 10, 11, 12, 1, 2, 3, 4, 5, 6, 7, 8, 9, 10, 11, 12, 1, 2, 3, 4, 5, 6, 7, 8, 
9, 10, 11, 12, 1, 2, 3, 4, 5, 6, 7, 8, 9, 10, 11, 12, 1, 2, 3, 4, 5, 6, 7, 8, 
9, 10, 11, 12, 1, 2, 3, 4, 5, 6, 7, 8, 9, 10, 11, 12, 1, 2, 3, 4, 5, 6, 7, 8, 
9, 10, 11, 12, 1, 2, 3, 4, 5, 6, 7, 8, 9, 10, 11, 12, 1, 2, 3, 4, 5, 6, 7, 8, 
9, 10, 11, 12, 1, 2, 3, 4, 5, 6, 7, 8, 9, 10, 11, 12, 1, 2, 3, 4, 5, 6, 7, 8, 
9, 10, 11, 12, 1, 2, 3, 4, 5, 6, 7, 8, 9, 10, 11, 12, 1, 2, 3, 4, 5, 6, 7, 8, 
9, 10, 11, 12, 1, 2, 3, 4, 5, 6, 7, 8, 9, 10, 11, 12, 1, 2, 3, 4, 5, 6, 7, 8, 
9, 10, 11, 12, 1, 2, 3, 4, 5, 6, 7, 8, 9, 10, 11, 12, 1, 2, 3, 4, 5, 6, 7, 8, 
9, 10, 11, 12, 1, 2, 3, 4, 5, 6, 7, 8, 9, 10, 11, 12, 1, 2, 3, 4, 5, 6, 7, 8, 
9, 10, 11, 12, 1, 2, 3, 4, 5, 6, 7, 8, 9, 10, 11, 12, 1, 2, 3, 4, 5, 6, 7, 8, 
9, 10, 11, 12, 1, 2, 3, 4, 5, 6, 7, 8, 9, 10, 11, 12, 1, 2, 3, 4, 5, 6, 7, 8, 
9, 10, 11, 12, 1, 2, 3, 4, 5, 6, 7, 8, 9, 10, 11, 12, 1, 2, 3, 4, 5, 6, 7, 8, 
9, 10, 11, 12, 1, 2, 3, 4, 5, 6, 7, 8, 9, 10, 11, 12, 1, 2, 3, 4, 5, 6, 7, 8, 
9, 10, 11, 12, 1, 2, 3, 4, 5, 6, 7, 8, 9, 10, 11, 12, 1, 2, 3, 4, 5, 6, 7, 8, 
9, 10, 11, 12, 1, 2, 3, 4, 5, 6, 7, 8, 9, 10, 11, 12, 1, 2, 3, 4, 5, 6, 7, 8, 
9, 10, 11, 12, 1, 2, 3, 4, 5, 6, 7, 8, 9, 10, 11, 12, 1, 2, 3, 4, 5, 6, 7, 8, 
9, 10, 11, 12, 1, 2, 3, 4, 5, 6, 7, 8, 9, 10, 11, 12, 1, 2, 3, 4, 5, 6, 7, 8, 
9, 10, 11, 12, 1, 2, 3, 4, 5, 6, 7, 8, 9, 10, 11, 12, 1, 2, 3, 4, 5, 6, 7, 8, 
9, 10, 11, 12, 1, 2, 3, 4, 5, 6, 7, 8, 9, 10, 11, 12, 1, 2, 3, 4, 5, 6, 7, 8, 
9, 10, 11, 12, 1, 2, 3, 4, 5, 6, 7, 8, 9, 10, 11, 12, 1, 2, 3, 4, 5, 6, 7, 8, 
9, 10, 11, 12, 1, 2, 3, 4, 5, 6, 7, 8, 9, 10, 11, 12, 1, 2, 3, 4, 5, 6, 7, 8, 
9, 10, 11, 12, 1, 2, 3, 4, 5, 6, 7, 8, 9, 10, 11, 12, 1, 2, 3, 4, 5, 6, 7, 8, 
9, 10, 11, 12, 1, 2, 3, 4, 5, 6, 7, 8, 9, 10, 11, 12, 1, 2, 3, 4, 5, 6, 7, 8, 
9, 10, 11, 12, 1, 2, 3, 4, 5, 6, 7, 8, 9, 10, 11, 12, 1, 2, 3, 4, 5, 6, 7, 8, 
9, 10, 11, 12, 1, 2, 3, 4, 5, 6, 7, 8, 9, 10, 11, 12, 1, 2, 3, 4, 5, 6, 7, 8, 
9, 10, 11, 12, 1, 2, 3, 4, 5, 6, 7, 8, 9, 10, 11, 12, 1, 2, 3, 4, 5, 6, 7, 8, 
9, 10, 11, 12, 1, 2, 3, 4, 5, 6, 7, 8, 9, 10, 11, 12, 1, 2, 3, 4, 5, 6, 7, 8, 
9, 10, 11, 12, 1, 2, 3, 4, 5, 6, 7, 8, 9, 10, 11, 12, 1, 2, 3, 4, 5, 6, 7, 8, 
9, 10, 11, 12, 1, 2, 3, 4, 5, 6, 7, 8, 9, 10, 11, 12, 1, 2, 3, 4, 5, 6, 7, 8, 
9, 10, 11, 12, 1, 2, 3, 4, 5, 6, 7, 8, 9, 10, 11, 12, 1, 2, 3, 4, 5, 6, 7, 8, 
9, 10, 11, 12, 1, 2, 3, 4, 5, 6, 7, 8, 9, 10, 11, 12, 1, 2, 3, 4, 5, 6, 7, 8, 
9, 10, 11, 12, 1, 2, 3, 4, 5, 6, 7, 8, 9, 10, 11, 12, 1, 2, 3, 4, 5, 6, 7, 8, 
9, 10, 11, 12, 1, 2, 3, 4, 5, 6, 7, 8, 9, 10, 11, 12, 1, 2, 3, 4, 5, 6, 7, 8, 
9, 10, 11, 12, 1, 2, 3, 4, 5, 6, 7, 8, 9, 10, 11, 12, 1, 2, 3, 4, 5, 6, 7, 8, 
9, 10, 11, 12, 1, 2, 3, 4, 5, 6, 7, 8, 9, 10, 11, 12, 1, 2, 3, 4, 5, 6, 7, 8, 
9, 10, 11, 12, 1, 2, 3, 4, 5, 6, 7, 8, 9, 10, 11, 12, 1, 2, 3, 4, 5, 6, 7, 8, 
9, 10, 11, 12, 1, 2, 3, 4, 5, 6, 7, 8, 9, 10, 11, 12, 1, 2, 3, 4, 5, 6, 7, 8, 
9, 10, 11, 12, 1, 2, 3, 4, 5, 6, 7, 8, 9, 10, 11, 12, 1, 2, 3, 4, 5, 6, 7, 8, 
9, 10, 11, 12, 1, 2, 3, 4, 5, 6, 7, 8, 9, 10, 11, 12, 1, 2, 3, 4, 5, 6, 7, 8, 
9, 10, 11, 12, 1, 2, 3, 4, 5, 6, 7, 8, 9, 10, 11, 12, 1, 2, 3, 4, 5, 6, 7, 8, 
9, 10, 11, 12, 1, 2, 3, 4, 5, 6, 7, 8, 9, 10, 11, 12, 1, 2, 3, 4, 5, 6, 7, 8, 
9, 10, 11, 12, 1, 2, 3, 4, 5, 6, 7, 8, 9, 10, 11, 12, 1, 2, 3, 4, 5, 6, 7, 8, 
9, 10, 11, 12, 1, 2, 3, 4, 5, 6, 7, 8, 9, 10, 11, 12, 1, 2, 3, 4, 5, 6, 7, 8, 
9, 10, 11, 12, 1, 2, 3, 4, 5, 6, 7, 8, 9, 10, 11, 12, 1, 2, 3, 4, 5, 6, 7, 8, 
9, 10, 11, 12, 1, 2, 3, 4, 5, 6, 7, 8, 9, 10, 11, 12, 1, 2, 3, 4, 5, 6, 7, 8, 
9, 10, 11, 12, 1, 2, 3, 4, 5, 6, 7, 8, 9, 10, 11, 12, 1, 2, 3, 4, 5, 6, 7, 8, 
9, 10, 11, 12, 1, 2, 3, 4, 5, 6, 7, 8, 9, 10, 11, 12, 1, 2, 3, 4, 5, 6, 7, 8, 
9, 10, 11, 12, 1, 2, 3, 4, 5, 6, 7, 8, 9, 10, 11, 12, 1, 2, 3, 4, 5, 6, 7, 8, 
9, 10, 11, 12, 1, 2, 3, 4, 5, 6, 7, 8, 9, 10, 11, 12, 1, 2, 3, 4, 5, 6, 7, 8, 
9, 10, 11, 12, 1, 2, 3, 4, 5, 6, 7, 8, 9, 10, 11, 12, 1, 2, 3, 4, 5, 6, 7, 8, 
9, 10, 11, 12, 1, 2, 3, 4, 5, 6, 7, 8, 9, 10, 11, 12, 1, 2, 3, 4, 5, 6, 7, 8, 
9, 10, 11, 12, 1, 2, 3, 4, 5, 6, 7, 8, 9, 10, 11, 12, 1, 2, 3, 4, 5, 6, 7, 8, 
9, 10, 11, 12, 1, 2, 3, 4, 5, 6, 7, 8, 9, 10, 11, 12, 1, 2, 3, 4, 5, 6, 7, 8, 
9, 10, 11, 12, 1, 2, 3, 4, 5, 6, 7, 8, 9, 10, 11, 12, 1, 2, 3, 4, 5, 6, 7, 8, 
9, 10, 11, 12, 1, 2, 3, 4, 5, 6, 7, 8, 9, 10, 11, 12, 1, 2, 3, 4, 5, 6, 7, 8, 
9, 10, 11, 12, 1, 2, 3, 4, 5, 6, 7, 8, 9, 10, 11, 12, 1, 2, 3, 4, 5, 6, 7, 8, 
9, 10, 11, 12, 1, 2, 3, 4, 5, 6, 7, 8, 9, 10, 11, 12, 1, 2, 3, 4, 5, 6, 7, 8, 
9, 10, 11, 12, 1, 2, 3, 4, 5, 6, 7, 8, 9, 10, 11, 12, 1, 2, 3, 4, 5, 6, 7, 8, 
9, 10, 11, 12, 1, 2, 3, 4, 5, 6, 7, 8, 9, 10, 11, 12, 1, 2, 3, 4, 5, 6, 7, 8, 
9, 10, 11, 12, 1, 2, 3, 4, 5, 6, 7, 8, 9, 10, 11, 12, 1, 2, 3, 4, 5, 6, 7, 8, 
9, 10, 11, 12, 1, 2, 3, 4, 5, 6, 7, 8, 9, 10, 11, 12, 1, 2, 3, 4, 5, 6, 7, 8, 
9, 10, 11, 12, 1, 2, 3, 4, 5, 6, 7, 8, 9, 10, 11, 12, 1, 2, 3, 4, 5, 6, 7, 8, 
9, 10, 11, 12, 1, 2, 3, 4, 5, 6, 7, 8, 9, 10, 11, 12) , np = 4 , N = 1968 )
